MEME version 4

ALPHABET= HIMS

strands: + -

Background letter frequencies (from uniform background):
H 0.25000 I 0.25000 M 0.25000 S 0.25000

MOTIF motif_0 motif_0

letter-probability matrix: alength= 4 w= 20 nsites= 20 E= 0
  0.065518	  0.258658	  0.435814	  0.24001	
  0.06019	  0.144106	  0.434482	  0.361222	
  0.052198	  0.114802	  0.435814	  0.397186	
  0.014902	  0.081502	  0.202714	  0.700882	
  0.017566	  0.07351	  0.192058	  0.716866	
  0.010906	  0.069514	  0.178738	  0.740842	
  0.017566	  0.042874	  0.161422	  0.778138	
  0.018898	  0.032218	  0.092158	  0.856726	
  0.029554	  0.090826	  0.128122	  0.751498	
  0.041542	  0.090826	  0.20671	  0.660922	
  0.04687	  0.054862	  0.168082	  0.730186	
  0.08017	  0.184066	  0.170746	  0.565018	
  0.084166	  0.218698	  0.221362	  0.475774	
  0.088162	  0.250666	  0.241342	  0.41983	
  0.098818	  0.061522	  0.189394	  0.650266	
  0.157426	  0.105478	  0.181402	  0.555694	
  0.149434	  0.142774	  0.192058	  0.515734	
  0.156094	  0.058858	  0.196054	  0.588994	
  0.363886	  0.052198	  0.189394	  0.394522	
  0.350566	  0.065518	  0.176074	  0.407842	

MOTIF motif_1 motif_1

letter-probability matrix: alength= 4 w= 20 nsites= 20 E= 0
  0.19339	  0.132118	  0.16009	  0.514402	
  0.202714	  0.141442	  0.17341	  0.482434	
  0.190726	  0.09349	  0.15343	  0.562354	
  0.158758	  0.108142	  0.132118	  0.600982	
  0.124126	  0.085498	  0.110806	  0.67957	
  0.117466	  0.13345	  0.117466	  0.631618	
  0.08017	  0.145438	  0.144106	  0.630286	
  0.081502	  0.152098	  0.162754	  0.603646	
  0.062854	  0.185398	  0.18007	  0.571678	
  0.07351	  0.185398	  0.172078	  0.569014	
  0.062854	  0.177406	  0.192058	  0.567682	
  0.064186	  0.172078	  0.184066	  0.57967	
  0.064186	  0.164086	  0.214702	  0.557026	
  0.064186	  0.174742	  0.251998	  0.509074	
  0.074842	  0.145438	  0.174742	  0.604978	
  0.105478	  0.114802	  0.12679	  0.65293	
  0.110806	  0.188062	  0.142774	  0.558358	
  0.109474	  0.182734	  0.128122	  0.57967	
  0.134782	  0.19339	  0.12013	  0.551698	
  0.118798	  0.232018	  0.129454	  0.51973	

MOTIF motif_2 motif_2

letter-probability matrix: alength= 4 w= 20 nsites= 20 E= 0
  0.241342	  0.128122	  0.16009	  0.470446	
  0.254662	  0.132118	  0.190726	  0.422494	
  0.181402	  0.137446	  0.210706	  0.470446	
  0.112138	  0.136114	  0.205378	  0.54637	
  0.10681	  0.16009	  0.16009	  0.57301	
  0.165418	  0.078838	  0.082834	  0.67291	
  0.15343	  0.072178	  0.06685	  0.707542	
  0.144106	  0.129454	  0.054862	  0.671578	
  0.084166	  0.176074	  0.048202	  0.691558	
  0.041542	  0.118798	  0.030886	  0.808774	
  0.022894	  0.134782	  0.045538	  0.796786	
  0.017566	  0.14011	  0.077506	  0.764818	
  0.041542	  0.18007	  0.12013	  0.658258	
  0.049534	  0.118798	  0.141442	  0.690226	
  0.068182	  0.27331	  0.145438	  0.51307	
  0.077506	  0.289294	  0.152098	  0.481102	
  0.134782	  0.174742	  0.152098	  0.538378	
  0.136114	  0.164086	  0.165418	  0.534382	
  0.134782	  0.12679	  0.165418	  0.57301	
  0.132118	  0.150766	  0.14011	  0.577006	

MOTIF motif_3 motif_3

letter-probability matrix: alength= 4 w= 20 nsites= 20 E= 0
  0.062771	  0.104008	  0.187812	  0.64541	
  0.065431	  0.111989	  0.193133	  0.629447	
  0.078733	  0.086715	  0.205105	  0.629447	
  0.088045	  0.073412	  0.210426	  0.628117	
  0.090705	  0.065431	  0.162538	  0.681326	
  0.081394	  0.110659	  0.154556	  0.653391	
  0.089375	  0.111989	  0.11997	  0.678665	
  0.073412	  0.101347	  0.098687	  0.726554	
  0.101347	  0.139924	  0.104008	  0.654721	
  0.130612	  0.138594	  0.092036	  0.638759	
  0.126622	  0.111989	  0.074743	  0.686647	
  0.126622	  0.129282	  0.088045	  0.656052	
  0.125291	  0.185151	  0.092036	  0.597522	
  0.127952	  0.190472	  0.100017	  0.581559	
  0.11598	  0.201114	  0.089375	  0.593531	
  0.133273	  0.165198	  0.081394	  0.620135	
  0.145245	  0.104008	  0.089375	  0.661373	
  0.182491	  0.107998	  0.076073	  0.633438	
  0.226388	  0.086715	  0.089375	  0.597522	
  0.280928	  0.093366	  0.096026	  0.52968	

MOTIF motif_4 motif_4

letter-probability matrix: alength= 4 w= 20 nsites= 20 E= 0
  0.076174	  0.06019	  0.088162	  0.775474	
  0.057526	  0.058858	  0.094822	  0.788794	
  0.04021	  0.154762	  0.07351	  0.731518	
  0.04021	  0.262654	  0.078838	  0.618298	
  0.032218	  0.114802	  0.04021	  0.81277	
  0.03355	  0.076174	  0.057526	  0.83275	
  0.028222	  0.16009	  0.064186	  0.747502	
  0.016234	  0.06019	  0.041542	  0.882034	
  0.01357	  0.18007	  0.034882	  0.771478	
  0.01357	  0.112138	  0.03355	  0.840742	
  0.025558	  0.132118	  0.024226	  0.818098	
  0.041542	  0.08683	  0.02023	  0.851398	
  0.10015	  0.061522	  0.014902	  0.823426	
  0.097486	  0.130786	  0.022894	  0.748834	
  0.09349	  0.07351	  0.024226	  0.808774	
  0.094822	  0.050866	  0.018898	  0.835414	
  0.052198	  0.251998	  0.010906	  0.684898	
  0.125458	  0.228022	  0.002914	  0.643606	
  0.12679	  0.150766	  0.002914	  0.71953	
  0.270646	  0.114802	  0.012238	  0.602314	

MOTIF motif_5 motif_5

letter-probability matrix: alength= 4 w= 20 nsites= 20 E= 0
  0.072178	  0.194722	  0.156094	  0.577006	
  0.098818	  0.141442	  0.141442	  0.618298	
  0.092158	  0.121462	  0.097486	  0.688894	
  0.112138	  0.21337	  0.105478	  0.569014	
  0.14011	  0.124126	  0.08017	  0.655594	
  0.197386	  0.177406	  0.084166	  0.541042	
  0.209374	  0.12679	  0.076174	  0.587662	
  0.201382	  0.089494	  0.068182	  0.640942	
  0.249334	  0.137446	  0.064186	  0.549034	
  0.218698	  0.168082	  0.070846	  0.542374	
  0.18007	  0.170746	  0.081502	  0.567682	
  0.125458	  0.150766	  0.052198	  0.671578	
  0.069514	  0.116134	  0.056194	  0.758158	
  0.078838	  0.110806	  0.052198	  0.758158	
  0.088162	  0.142774	  0.070846	  0.698218	
  0.101482	  0.18673	  0.094822	  0.616966	
  0.124126	  0.157426	  0.098818	  0.61963	
  0.114802	  0.12679	  0.10681	  0.651598	
  0.11347	  0.20671	  0.094822	  0.584998	
  0.108142	  0.237346	  0.072178	  0.582334	

MOTIF motif_6 motif_6

letter-probability matrix: alength= 4 w= 20 nsites= 20 E= 0
  0.237346	  0.138778	  0.172078	  0.451798	
  0.18673	  0.144106	  0.212038	  0.457126	
  0.149434	  0.114802	  0.217366	  0.518398	
  0.145438	  0.078838	  0.192058	  0.583666	
  0.15343	  0.06685	  0.169414	  0.610306	
  0.134782	  0.065518	  0.142774	  0.656926	
  0.150766	  0.137446	  0.185398	  0.52639	
  0.178738	  0.185398	  0.212038	  0.423826	
  0.178738	  0.124126	  0.202714	  0.494422	
  0.18007	  0.061522	  0.212038	  0.54637	
  0.265318	  0.05353	  0.214702	  0.46645	
  0.29995	  0.082834	  0.317266	  0.29995	
  0.315934	  0.104146	  0.31327	  0.26665	
  0.257326	  0.125458	  0.323926	  0.29329	
  0.216034	  0.13345	  0.311938	  0.338578	
  0.174742	  0.125458	  0.27997	  0.41983	
  0.168082	  0.12013	  0.25333	  0.458458	
  0.14677	  0.122794	  0.244006	  0.48643	
  0.125458	  0.134782	  0.245338	  0.494422	
  0.124126	  0.17341	  0.255994	  0.44647	

MOTIF motif_7 motif_7

letter-probability matrix: alength= 4 w= 20 nsites= 20 E= 0
  0.116134	  0.176074	  0.14677	  0.561022	
  0.114802	  0.134782	  0.089494	  0.660922	
  0.138778	  0.136114	  0.078838	  0.64627	
  0.114802	  0.137446	  0.069514	  0.678238	
  0.13345	  0.142774	  0.104146	  0.61963	
  0.108142	  0.142774	  0.078838	  0.670246	
  0.110806	  0.178738	  0.110806	  0.59965	
  0.116134	  0.198718	  0.097486	  0.587662	
  0.11347	  0.18007	  0.06685	  0.63961	
  0.12679	  0.198718	  0.084166	  0.590326	
  0.12679	  0.181402	  0.076174	  0.615634	
  0.16675	  0.208042	  0.076174	  0.549034	
  0.225358	  0.165418	  0.074842	  0.534382	
  0.271978	  0.202714	  0.10681	  0.418498	
  0.251998	  0.14677	  0.094822	  0.50641	
  0.190726	  0.092158	  0.088162	  0.628954	
  0.105478	  0.144106	  0.07351	  0.676906	
  0.08017	  0.092158	  0.065518	  0.762154	
  0.084166	  0.178738	  0.101482	  0.635614	
  0.09349	  0.14677	  0.14011	  0.61963	

MOTIF motif_8 motif_8

letter-probability matrix: alength= 4 w= 20 nsites= 20 E= 0
  0.363886	  0.168082	  0.038878	  0.429154	
  0.358558	  0.15343	  0.050866	  0.437146	
  0.249334	  0.104146	  0.04021	  0.60631	
  0.150766	  0.109474	  0.032218	  0.707542	
  0.197386	  0.34657	  0.037546	  0.418498	
  0.204046	  0.430486	  0.058858	  0.30661	
  0.201382	  0.28663	  0.054862	  0.457126	
  0.149434	  0.370546	  0.04687	  0.43315	
  0.105478	  0.291958	  0.038878	  0.563686	
  0.069514	  0.26665	  0.034882	  0.628954	
  0.034882	  0.267982	  0.090826	  0.60631	
  0.02689	  0.07351	  0.016234	  0.883366	
  0.025558	  0.02023	  0.016234	  0.937978	
  0.009574	  0.07351	  0.041542	  0.875374	
  0.012238	  0.109474	  0.041542	  0.836746	
  0.018898	  0.105478	  0.069514	  0.80611	
  0.04021	  0.137446	  0.078838	  0.743506	
  0.036214	  0.202714	  0.072178	  0.688894	
  0.037546	  0.172078	  0.130786	  0.65959	
  0.045538	  0.144106	  0.354562	  0.455794	

MOTIF motif_9 motif_9

letter-probability matrix: alength= 4 w= 20 nsites= 20 E= 0
  0.117466	  0.198718	  0.078838	  0.604978	
  0.108142	  0.164086	  0.089494	  0.638278	
  0.097486	  0.194722	  0.11347	  0.594322	
  0.094822	  0.261322	  0.129454	  0.514402	
  0.08683	  0.222694	  0.122794	  0.567682	
  0.078838	  0.14011	  0.142774	  0.638278	
  0.081502	  0.132118	  0.172078	  0.614302	
  0.077506	  0.14011	  0.208042	  0.574342	
  0.070846	  0.112138	  0.241342	  0.575674	
  0.062854	  0.138778	  0.271978	  0.52639	
  0.065518	  0.150766	  0.258658	  0.525058	
  0.06685	  0.164086	  0.25333	  0.515734	
  0.07351	  0.202714	  0.263986	  0.45979	
  0.064186	  0.176074	  0.25999	  0.49975	
  0.04687	  0.116134	  0.236014	  0.600982	
  0.045538	  0.121462	  0.249334	  0.583666	
  0.034882	  0.121462	  0.289294	  0.554362	
  0.038878	  0.224026	  0.25333	  0.483766	
  0.062854	  0.19339	  0.24001	  0.503746	
  0.090826	  0.15343	  0.192058	  0.563686	

MOTIF motif_10 motif_10

letter-probability matrix: alength= 4 w= 20 nsites= 20 E= 0
  0.044089	  0.126453	  0.053388	  0.776069	
  0.045418	  0.095899	  0.046746	  0.811938	
  0.064016	  0.068001	  0.03479	  0.833193	
  0.061359	  0.15568	  0.029476	  0.753485	
  0.11184	  0.143723	  0.079957	  0.664479	
  0.117154	  0.126453	  0.05206	  0.704332	
  0.157008	  0.105198	  0.044089	  0.693705	
  0.280555	  0.123797	  0.028148	  0.567501	
  0.220774	  0.154351	  0.037447	  0.587428	
  0.223431	  0.036118	  0.020177	  0.720274	
  0.195533	  0.068001	  0.040104	  0.696362	
  0.162322	  0.166307	  0.049403	  0.621968	
  0.271255	  0.168964	  0.046746	  0.513035	
  0.218117	  0.122468	  0.036118	  0.623297	
  0.226088	  0.199519	  0.026819	  0.547574	
  0.219445	  0.107855	  0.020177	  0.652523	
  0.119811	  0.131767	  0.032133	  0.716289	
  0.118483	  0.062687	  0.01752	  0.80131	
  0.117154	  0.056045	  0.030805	  0.795996	
  0.075972	  0.240701	  0.070658	  0.612669	

MOTIF motif_11 motif_11

letter-probability matrix: alength= 4 w= 20 nsites= 20 E= 0
  0.208042	  0.128122	  0.025558	  0.638278	
  0.527722	  0.194722	  0.01357	  0.263986	
  0.521062	  0.069514	  0.01357	  0.395854	
  0.510406	  0.129454	  0.021562	  0.338578	
  0.429154	  0.125458	  0.018898	  0.42649	
  0.176074	  0.116134	  0.017566	  0.690226	
  0.148102	  0.125458	  0.024226	  0.702214	
  0.114802	  0.385198	  0.029554	  0.470446	
  0.109474	  0.16675	  0.038878	  0.684898	
  0.150766	  0.145438	  0.034882	  0.668914	
  0.15343	  0.129454	  0.038878	  0.678238	
  0.130786	  0.181402	  0.050866	  0.636946	
  0.096154	  0.092158	  0.044206	  0.767482	
  0.05353	  0.069514	  0.036214	  0.840742	
  0.03355	  0.070846	  0.042874	  0.85273	
  0.021562	  0.088162	  0.04687	  0.843406	
  0.021562	  0.192058	  0.070846	  0.715534	
  0.021562	  0.05353	  0.070846	  0.854062	
  0.021562	  0.089494	  0.074842	  0.814102	
  0.04687	  0.082834	  0.048202	  0.822094	

MOTIF motif_12 motif_12

letter-probability matrix: alength= 4 w= 20 nsites= 20 E= 0
  0.177406	  0.09349	  0.342574	  0.38653	
  0.21337	  0.09349	  0.387862	  0.305278	
  0.242674	  0.142774	  0.382534	  0.232018	
  0.255994	  0.154762	  0.371878	  0.217366	
  0.257326	  0.144106	  0.357226	  0.241342	
  0.238678	  0.138778	  0.338578	  0.283966	
  0.22003	  0.136114	  0.327922	  0.315934	
  0.196054	  0.136114	  0.318598	  0.349234	
  0.176074	  0.161422	  0.285298	  0.377206	
  0.16675	  0.12679	  0.25999	  0.44647	
  0.162754	  0.128122	  0.238678	  0.470446	
  0.156094	  0.134782	  0.230686	  0.478438	
  0.194722	  0.181402	  0.24667	  0.377206	
  0.208042	  0.172078	  0.255994	  0.363886	
  0.205378	  0.162754	  0.250666	  0.381202	
  0.198718	  0.129454	  0.22669	  0.445138	
  0.184066	  0.08017	  0.204046	  0.531718	
  0.142774	  0.12013	  0.212038	  0.525058	
  0.132118	  0.161422	  0.182734	  0.523726	
  0.116134	  0.184066	  0.218698	  0.481102	

MOTIF motif_13 motif_13

letter-probability matrix: alength= 4 w= 20 nsites= 20 E= 0
  0.109474	  0.152098	  0.367882	  0.370546	
  0.129454	  0.20005	  0.40651	  0.263986	
  0.114802	  0.170746	  0.435814	  0.278638	
  0.09349	  0.104146	  0.45979	  0.342574	
  0.094822	  0.096154	  0.46645	  0.342574	
  0.085498	  0.192058	  0.514402	  0.208042	
  0.052198	  0.176074	  0.503746	  0.267982	
  0.021562	  0.136114	  0.442474	  0.39985	
  0.048202	  0.114802	  0.437146	  0.39985	
  0.096154	  0.130786	  0.423826	  0.349234	
  0.094822	  0.114802	  0.398518	  0.391858	
  0.097486	  0.052198	  0.371878	  0.478438	
  0.118798	  0.070846	  0.33325	  0.477106	
  0.122794	  0.09349	  0.176074	  0.607642	
  0.162754	  0.089494	  0.124126	  0.623626	
  0.214702	  0.094822	  0.121462	  0.569014	
  0.281302	  0.13345	  0.090826	  0.494422	
  0.277306	  0.050866	  0.077506	  0.594322	
  0.27997	  0.097486	  0.084166	  0.538378	
  0.265318	  0.14011	  0.097486	  0.497086	

MOTIF motif_14 motif_14

letter-probability matrix: alength= 4 w= 20 nsites= 20 E= 0
  0.343906	  0.076174	  0.184066	  0.395854	
  0.410506	  0.197386	  0.194722	  0.197386	
  0.418498	  0.128122	  0.078838	  0.374542	
  0.447802	  0.058858	  0.069514	  0.423826	
  0.53305	  0.058858	  0.061522	  0.34657	
  0.529054	  0.037546	  0.04687	  0.38653	
  0.427822	  0.02689	  0.038878	  0.50641	
  0.23335	  0.032218	  0.037546	  0.696886	
  0.194722	  0.049534	  0.04021	  0.715534	
  0.144106	  0.449134	  0.032218	  0.374542	
  0.105478	  0.101482	  0.041542	  0.751498	
  0.08683	  0.025558	  0.054862	  0.83275	
  0.04021	  0.090826	  0.050866	  0.818098	
  0.202714	  0.061522	  0.061522	  0.674242	
  0.196054	  0.038878	  0.068182	  0.696886	
  0.20671	  0.052198	  0.08017	  0.660922	
  0.04021	  0.045538	  0.10681	  0.807442	
  0.045538	  0.418498	  0.22003	  0.315934	
  0.04687	  0.43981	  0.217366	  0.295954	
  0.034882	  0.414502	  0.205378	  0.345238	

MOTIF motif_15 motif_15

letter-probability matrix: alength= 4 w= 20 nsites= 20 E= 0
  0.198718	  0.33991	  0.058858	  0.402514	
  0.125458	  0.35323	  0.058858	  0.462454	
  0.11347	  0.105478	  0.052198	  0.728854	
  0.16009	  0.10681	  0.052198	  0.680902	
  0.125458	  0.034882	  0.036214	  0.803446	
  0.130786	  0.117466	  0.04021	  0.711538	
  0.06685	  0.096154	  0.072178	  0.764818	
  0.058858	  0.042874	  0.08683	  0.811438	
  0.061522	  0.061522	  0.102814	  0.774142	
  0.069514	  0.057526	  0.129454	  0.743506	
  0.116134	  0.02689	  0.138778	  0.718198	
  0.13345	  0.062854	  0.244006	  0.55969	
  0.176074	  0.101482	  0.442474	  0.27997	
  0.198718	  0.112138	  0.49975	  0.189394	
  0.197386	  0.110806	  0.525058	  0.16675	
  0.14011	  0.109474	  0.538378	  0.212038	
  0.122794	  0.110806	  0.53971	  0.22669	
  0.152098	  0.158758	  0.521062	  0.168082	
  0.134782	  0.138778	  0.541042	  0.185398	
  0.134782	  0.129454	  0.521062	  0.214702	

MOTIF motif_16 motif_16

letter-probability matrix: alength= 4 w= 20 nsites= 20 E= 0
  0.06685	  0.137446	  0.337246	  0.458458	
  0.074842	  0.149434	  0.305278	  0.470446	
  0.085498	  0.082834	  0.269314	  0.562354	
  0.092158	  0.065518	  0.228022	  0.614302	
  0.10681	  0.030886	  0.184066	  0.678238	
  0.125458	  0.04021	  0.176074	  0.658258	
  0.198718	  0.082834	  0.190726	  0.527722	
  0.34657	  0.110806	  0.188062	  0.354562	
  0.422494	  0.116134	  0.18673	  0.274642	
  0.431818	  0.121462	  0.165418	  0.281302	
  0.405178	  0.098818	  0.148102	  0.347902	
  0.354562	  0.090826	  0.136114	  0.418498	
  0.254662	  0.114802	  0.150766	  0.47977	
  0.137446	  0.130786	  0.14677	  0.584998	
  0.069514	  0.098818	  0.144106	  0.687562	
  0.049534	  0.097486	  0.149434	  0.703546	
  0.058858	  0.125458	  0.192058	  0.623626	
  0.076174	  0.161422	  0.249334	  0.51307	
  0.089494	  0.13345	  0.249334	  0.527722	
  0.096154	  0.137446	  0.283966	  0.482434	

MOTIF motif_17 motif_17

letter-probability matrix: alength= 4 w= 20 nsites= 20 E= 0
  0.262654	  0.310606	  0.097486	  0.329254	
  0.21337	  0.077506	  0.110806	  0.598318	
  0.249334	  0.10681	  0.122794	  0.521062	
  0.24001	  0.065518	  0.110806	  0.583666	
  0.242674	  0.056194	  0.109474	  0.591658	
  0.228022	  0.12013	  0.124126	  0.527722	
  0.021562	  0.09349	  0.104146	  0.780802	
  0.012238	  0.178738	  0.096154	  0.71287	
  0.058858	  0.248002	  0.190726	  0.502414	
  0.050866	  0.078838	  0.238678	  0.631618	
  0.057526	  0.12013	  0.255994	  0.56635	
  0.082834	  0.114802	  0.34657	  0.455794	
  0.08017	  0.078838	  0.165418	  0.675574	
  0.082834	  0.076174	  0.142774	  0.698218	
  0.242674	  0.08683	  0.09349	  0.577006	
  0.222694	  0.125458	  0.150766	  0.501082	
  0.174742	  0.04687	  0.148102	  0.630286	
  0.25999	  0.077506	  0.130786	  0.531718	
  0.118798	  0.161422	  0.130786	  0.588994	
  0.157426	  0.089494	  0.122794	  0.630286	

MOTIF motif_18 motif_18

letter-probability matrix: alength= 4 w= 20 nsites= 20 E= 0
  0.045538	  0.09349	  0.03355	  0.827422	
  0.089494	  0.089494	  0.025558	  0.795454	
  0.19339	  0.078838	  0.02689	  0.700882	
  0.217366	  0.10681	  0.04021	  0.635614	
  0.31993	  0.181402	  0.030886	  0.467782	
  0.42649	  0.14677	  0.050866	  0.375874	
  0.291958	  0.058858	  0.02689	  0.622294	
  0.237346	  0.054862	  0.021562	  0.68623	
  0.241342	  0.116134	  0.017566	  0.624958	
  0.241342	  0.156094	  0.042874	  0.55969	
  0.232018	  0.188062	  0.05353	  0.52639	
  0.236014	  0.096154	  0.050866	  0.616966	
  0.194722	  0.230686	  0.062854	  0.511738	
  0.20005	  0.27997	  0.068182	  0.451798	
  0.197386	  0.26665	  0.09349	  0.442474	
  0.184066	  0.214702	  0.088162	  0.51307	
  0.094822	  0.142774	  0.102814	  0.65959	
  0.050866	  0.11347	  0.13345	  0.702214	
  0.037546	  0.08017	  0.085498	  0.796786	
  0.02023	  0.041542	  0.069514	  0.868714	

MOTIF motif_19 motif_19

letter-probability matrix: alength= 4 w= 20 nsites= 20 E= 0
  0.138778	  0.225358	  0.089494	  0.54637	
  0.169414	  0.374542	  0.172078	  0.283966	
  0.20671	  0.397186	  0.18007	  0.216034	
  0.224026	  0.311938	  0.198718	  0.265318	
  0.190726	  0.298618	  0.132118	  0.378538	
  0.165418	  0.257326	  0.162754	  0.414502	
  0.08683	  0.165418	  0.08017	  0.667582	
  0.097486	  0.172078	  0.076174	  0.654262	
  0.108142	  0.258658	  0.074842	  0.558358	
  0.221362	  0.225358	  0.09349	  0.45979	
  0.230686	  0.234682	  0.116134	  0.418498	
  0.241342	  0.269314	  0.10681	  0.382534	
  0.335914	  0.242674	  0.118798	  0.302614	
  0.270646	  0.197386	  0.129454	  0.402514	
  0.325258	  0.22003	  0.130786	  0.323926	
  0.325258	  0.255994	  0.141442	  0.277306	
  0.334582	  0.39319	  0.149434	  0.122794	
  0.327922	  0.365218	  0.149434	  0.157426	
  0.204046	  0.289294	  0.144106	  0.362554	
  0.19339	  0.303946	  0.14677	  0.355894	

MOTIF motif_20 motif_20

letter-probability matrix: alength= 4 w= 20 nsites= 20 E= 0
  0.02023	  0.070846	  0.132118	  0.776806	
  0.049534	  0.038878	  0.03355	  0.878038	
  0.045538	  0.088162	  0.034882	  0.831418	
  0.044206	  0.094822	  0.036214	  0.824758	
  0.094822	  0.232018	  0.045538	  0.627622	
  0.110806	  0.221362	  0.036214	  0.631618	
  0.124126	  0.14677	  0.018898	  0.710206	
  0.169414	  0.218698	  0.05353	  0.558358	
  0.12679	  0.125458	  0.012238	  0.735514	
  0.134782	  0.137446	  0.024226	  0.703546	
  0.196054	  0.085498	  0.029554	  0.688894	
  0.19339	  0.109474	  0.06685	  0.630286	
  0.234682	  0.077506	  0.069514	  0.618298	
  0.148102	  0.06685	  0.065518	  0.71953	
  0.141442	  0.125458	  0.041542	  0.691558	
  0.09349	  0.20671	  0.049534	  0.650266	
  0.076174	  0.12679	  0.041542	  0.755494	
  0.09349	  0.132118	  0.042874	  0.731518	
  0.074842	  0.07351	  0.045538	  0.80611	
  0.068182	  0.124126	  0.141442	  0.66625	

MOTIF motif_21 motif_21

letter-probability matrix: alength= 4 w= 20 nsites= 20 E= 0
  0.041542	  0.104146	  0.049534	  0.804778	
  0.048202	  0.164086	  0.041542	  0.74617	
  0.07351	  0.218698	  0.042874	  0.664918	
  0.09349	  0.170746	  0.052198	  0.683566	
  0.16009	  0.125458	  0.078838	  0.635614	
  0.250666	  0.16675	  0.09349	  0.489094	
  0.265318	  0.124126	  0.097486	  0.51307	
  0.244006	  0.184066	  0.061522	  0.510406	
  0.209374	  0.205378	  0.03355	  0.551698	
  0.162754	  0.170746	  0.02023	  0.64627	
  0.114802	  0.17341	  0.021562	  0.690226	
  0.112138	  0.182734	  0.022894	  0.682234	
  0.114802	  0.122794	  0.03355	  0.728854	
  0.121462	  0.109474	  0.04021	  0.728854	
  0.154762	  0.178738	  0.044206	  0.622294	
  0.149434	  0.185398	  0.057526	  0.607642	
  0.156094	  0.221362	  0.045538	  0.577006	
  0.142774	  0.174742	  0.06685	  0.615634	
  0.164086	  0.161422	  0.084166	  0.590326	
  0.177406	  0.161422	  0.085498	  0.575674	

MOTIF motif_22 motif_22

letter-probability matrix: alength= 4 w= 20 nsites= 20 E= 0
  0.032218	  0.136114	  0.378538	  0.45313	
  0.029554	  0.08683	  0.42649	  0.457126	
  0.044206	  0.121462	  0.49975	  0.334582	
  0.04687	  0.076174	  0.640942	  0.236014	
  0.070846	  0.062854	  0.67957	  0.18673	
  0.072178	  0.094822	  0.688894	  0.144106	
  0.082834	  0.089494	  0.714202	  0.11347	
  0.094822	  0.058858	  0.700882	  0.145438	
  0.085498	  0.062854	  0.698218	  0.15343	
  0.096154	  0.06685	  0.69955	  0.137446	
  0.068182	  0.090826	  0.700882	  0.14011	
  0.082834	  0.070846	  0.704878	  0.141442	
  0.081502	  0.102814	  0.72619	  0.089494	
  0.068182	  0.077506	  0.774142	  0.08017	
  0.085498	  0.074842	  0.73951	  0.10015	
  0.088162	  0.056194	  0.751498	  0.104146	
  0.08683	  0.08683	  0.734182	  0.092158	
  0.08683	  0.05353	  0.703546	  0.156094	
  0.076174	  0.068182	  0.702214	  0.15343	
  0.06685	  0.056194	  0.489094	  0.387862	

MOTIF motif_23 motif_23

letter-probability matrix: alength= 4 w= 20 nsites= 20 E= 0
  0.098818	  0.222694	  0.117466	  0.561022	
  0.08017	  0.177406	  0.124126	  0.618298	
  0.096154	  0.238678	  0.137446	  0.527722	
  0.08683	  0.134782	  0.118798	  0.65959	
  0.094822	  0.16675	  0.096154	  0.642274	
  0.118798	  0.177406	  0.102814	  0.600982	
  0.170746	  0.157426	  0.096154	  0.575674	
  0.18007	  0.202714	  0.069514	  0.547702	
  0.19339	  0.202714	  0.052198	  0.551698	
  0.217366	  0.204046	  0.045538	  0.53305	
  0.212038	  0.168082	  0.068182	  0.551698	
  0.218698	  0.098818	  0.096154	  0.58633	
  0.238678	  0.084166	  0.10015	  0.577006	
  0.236014	  0.114802	  0.098818	  0.550366	
  0.209374	  0.14011	  0.12013	  0.530386	
  0.208042	  0.156094	  0.124126	  0.511738	
  0.184066	  0.11347	  0.156094	  0.54637	
  0.16675	  0.082834	  0.168082	  0.582334	
  0.121462	  0.12013	  0.17341	  0.584998	
  0.112138	  0.209374	  0.157426	  0.521062	

MOTIF motif_24 motif_24

letter-probability matrix: alength= 4 w= 20 nsites= 20 E= 0
  0.209374	  0.156094	  0.21337	  0.421162	
  0.190726	  0.150766	  0.24001	  0.418498	
  0.172078	  0.12679	  0.237346	  0.463786	
  0.14677	  0.056194	  0.22669	  0.570346	
  0.116134	  0.102814	  0.184066	  0.596986	
  0.101482	  0.084166	  0.157426	  0.656926	
  0.092158	  0.09349	  0.101482	  0.71287	
  0.09349	  0.041542	  0.084166	  0.780802	
  0.116134	  0.036214	  0.078838	  0.768814	
  0.112138	  0.144106	  0.116134	  0.627622	
  0.094822	  0.062854	  0.14677	  0.695554	
  0.144106	  0.036214	  0.108142	  0.711538	
  0.145438	  0.050866	  0.082834	  0.720862	
  0.134782	  0.078838	  0.042874	  0.743506	
  0.110806	  0.109474	  0.038878	  0.740842	
  0.070846	  0.311938	  0.076174	  0.541042	
  0.077506	  0.285298	  0.084166	  0.55303	
  0.078838	  0.221362	  0.085498	  0.614302	
  0.072178	  0.210706	  0.092158	  0.624958	
  0.074842	  0.148102	  0.101482	  0.675574	
