MEME version 4

ALPHABET= ACGU

strands: + -

Background letter frequencies (from uniform background):
A 0.25000 C 0.25000 G 0.25000 U 0.25000

MOTIF motif_0 motif_0

letter-probability matrix: alength= 4 w= 20 nsites= 20 E= 0
  0.730186	  0.004246	  0.032218	  0.23335	
  0.584998	  0.405178	  0.008242	  0.001582	
  0.001582	  0.41983	  0.00025	  0.578338	
  0.005578	  0.27997	  0.001582	  0.71287	
  0.868714	  0.00025	  0.129454	  0.001582	
  0.010906	  0.254662	  0.734182	  0.00025	
  0.00025	  0.975274	  0.00025	  0.024226	
  0.001582	  0.204046	  0.00025	  0.794122	
  0.430486	  0.205378	  0.358558	  0.005578	
  0.435814	  0.009574	  0.554362	  0.00025	
  0.044206	  0.05353	  0.740842	  0.161422	
  0.038878	  0.688894	  0.00025	  0.271978	
  0.27997	  0.270646	  0.305278	  0.144106	
  0.005578	  0.00025	  0.058858	  0.935314	
  0.00025	  0.232018	  0.620962	  0.14677	
  0.017566	  0.257326	  0.676906	  0.048202	
  0.010906	  0.097486	  0.094822	  0.796786	
  0.427822	  0.00025	  0.558358	  0.01357	
  0.255994	  0.018898	  0.581002	  0.144106	
  0.112138	  0.22003	  0.20671	  0.461122	

MOTIF motif_1 motif_1

letter-probability matrix: alength= 4 w= 20 nsites= 20 E= 0
  0.32659	  0.010906	  0.644938	  0.017566	
  0.575674	  0.012238	  0.294622	  0.117466	
  0.214702	  0.025558	  0.74617	  0.01357	
  0.596986	  0.002914	  0.327922	  0.072178	
  0.347902	  0.056194	  0.587662	  0.008242	
  0.51973	  0.050866	  0.255994	  0.17341	
  0.222694	  0.310606	  0.409174	  0.057526	
  0.421162	  0.084166	  0.27997	  0.214702	
  0.255994	  0.128122	  0.387862	  0.228022	
  0.529054	  0.108142	  0.205378	  0.157426	
  0.291958	  0.064186	  0.521062	  0.122794	
  0.237346	  0.158758	  0.361222	  0.242674	
  0.374542	  0.17341	  0.402514	  0.049534	
  0.630286	  0.078838	  0.15343	  0.137446	
  0.237346	  0.016234	  0.590326	  0.156094	
  0.08683	  0.008242	  0.743506	  0.161422	
  0.763486	  0.089494	  0.13345	  0.01357	
  0.78613	  0.024226	  0.176074	  0.01357	
  0.477106	  0.00691	  0.503746	  0.012238	
  0.682234	  0.062854	  0.238678	  0.016234	

MOTIF motif_2 motif_2

letter-probability matrix: alength= 4 w= 20 nsites= 20 E= 0
  0.069514	  0.277306	  0.595654	  0.057526	
  0.358558	  0.16009	  0.463786	  0.017566	
  0.004246	  0.895354	  0.096154	  0.004246	
  0.00025	  0.955294	  0.016234	  0.028222	
  0.940642	  0.00025	  0.058858	  0.00025	
  0.40651	  0.097486	  0.318598	  0.177406	
  0.069514	  0.26665	  0.656926	  0.00691	
  0.254662	  0.429154	  0.29995	  0.016234	
  0.01357	  0.23335	  0.03355	  0.71953	
  0.00691	  0.08017	  0.723526	  0.189394	
  0.021562	  0.005578	  0.957958	  0.014902	
  0.116134	  0.092158	  0.59299	  0.198718	
  0.052198	  0.25999	  0.398518	  0.289294	
  0.209374	  0.009574	  0.425158	  0.355894	
  0.402514	  0.00025	  0.596986	  0.00025	
  0.700882	  0.251998	  0.002914	  0.044206	
  0.144106	  0.118798	  0.108142	  0.628954	
  0.012238	  0.58633	  0.11347	  0.287962	
  0.405178	  0.261322	  0.070846	  0.262654	
  0.008242	  0.39319	  0.14011	  0.458458	

MOTIF motif_3 motif_3

letter-probability matrix: alength= 4 w= 20 nsites= 20 E= 0
  0.131942	  0.121301	  0.147905	  0.598852	
  0.022864	  0.013552	  0.021534	  0.94205	
  0.328816	  0.322165	  0.033506	  0.315514	
  0.435234	  0.371383	  0.028185	  0.165198	
  0.368723	  0.069422	  0.334137	  0.227719	
  0.542982	  0.151896	  0.020203	  0.284918	
  0.70793	  0.093366	  0.153226	  0.045478	
  0.286249	  0.066761	  0.535001	  0.111989	
  0.433904	  0.300881	  0.078733	  0.186482	
  0.403309	  0.227719	  0.012222	  0.356751	
  0.492434	  0.17717	  0.227719	  0.102677	
  0.072082	  0.270286	  0.166528	  0.491104	
  0.209096	  0.245012	  0.010892	  0.535001	
  0.299551	  0.026855	  0.146575	  0.52702	
  0.47115	  0.106668	  0.05612	  0.366062	
  0.004241	  0.46849	  0.00025	  0.52702	
  0.162538	  0.135933	  0.085384	  0.616145	
  0.161207	  0.143914	  0.206435	  0.488443	
  0.034836	  0.360741	  0.054789	  0.549633	
  0.00291	  0.053459	  0.012222	  0.931408	

MOTIF motif_4 motif_4

letter-probability matrix: alength= 4 w= 20 nsites= 20 E= 0
  0.014902	  0.094822	  0.511738	  0.378538	
  0.289294	  0.02689	  0.61297	  0.070846	
  0.036214	  0.491758	  0.354562	  0.117466	
  0.012238	  0.321262	  0.136114	  0.530386	
  0.07351	  0.198718	  0.56635	  0.161422	
  0.157426	  0.038878	  0.756826	  0.04687	
  0.525058	  0.062854	  0.21337	  0.198718	
  0.041542	  0.081502	  0.844738	  0.032218	
  0.024226	  0.277306	  0.009574	  0.688894	
  0.323926	  0.042874	  0.63295	  0.00025	
  0.00691	  0.707542	  0.06019	  0.225358	
  0.682234	  0.03355	  0.275974	  0.008242	
  0.06685	  0.098818	  0.782134	  0.052198	
  0.041542	  0.041542	  0.062854	  0.854062	
  0.090826	  0.050866	  0.77281	  0.085498	
  0.009574	  0.168082	  0.803446	  0.018898	
  0.065518	  0.398518	  0.001582	  0.534382	
  0.05353	  0.002914	  0.931318	  0.012238	
  0.005578	  0.40651	  0.009574	  0.578338	
  0.116134	  0.02689	  0.850066	  0.00691	

MOTIF motif_5 motif_5

letter-probability matrix: alength= 4 w= 20 nsites= 20 E= 0
  0.40651	  0.441142	  0.110806	  0.041542	
  0.45979	  0.172078	  0.274642	  0.09349	
  0.24667	  0.278638	  0.455794	  0.018898	
  0.383866	  0.074842	  0.517066	  0.024226	
  0.47977	  0.084166	  0.401182	  0.034882	
  0.555694	  0.056194	  0.365218	  0.022894	
  0.410506	  0.056194	  0.530386	  0.002914	
  0.28663	  0.197386	  0.501082	  0.014902	
  0.367882	  0.074842	  0.531718	  0.025558	
  0.31327	  0.136114	  0.370546	  0.18007	
  0.21337	  0.430486	  0.108142	  0.248002	
  0.041542	  0.550366	  0.18673	  0.221362	
  0.048202	  0.32659	  0.267982	  0.357226	
  0.034882	  0.354562	  0.052198	  0.558358	
  0.090826	  0.069514	  0.049534	  0.790126	
  0.142774	  0.323926	  0.43981	  0.09349	
  0.43981	  0.198718	  0.18673	  0.174742	
  0.178738	  0.014902	  0.67957	  0.12679	
  0.341242	  0.029554	  0.545038	  0.084166	
  0.383866	  0.085498	  0.302614	  0.228022	

MOTIF motif_6 motif_6

letter-probability matrix: alength= 4 w= 20 nsites= 20 E= 0
  0.232018	  0.58633	  0.02689	  0.154762	
  0.578338	  0.045538	  0.12679	  0.249334	
  0.41983	  0.00691	  0.50641	  0.06685	
  0.12679	  0.290626	  0.330586	  0.251998	
  0.357226	  0.032218	  0.59965	  0.010906	
  0.177406	  0.24667	  0.323926	  0.251998	
  0.59965	  0.132118	  0.017566	  0.250666	
  0.804778	  0.165418	  0.018898	  0.010906	
  0.102814	  0.241342	  0.009574	  0.64627	
  0.010906	  0.002914	  0.18007	  0.80611	
  0.041542	  0.483766	  0.218698	  0.255994	
  0.903346	  0.00691	  0.050866	  0.038878	
  0.201382	  0.28663	  0.004246	  0.507742	
  0.80611	  0.128122	  0.06019	  0.005578	
  0.751498	  0.032218	  0.122794	  0.09349	
  0.510406	  0.110806	  0.04687	  0.331918	
  0.290626	  0.30661	  0.382534	  0.02023	
  0.65293	  0.054862	  0.285298	  0.00691	
  0.301282	  0.451798	  0.089494	  0.157426	
  0.730186	  0.081502	  0.044206	  0.144106	

MOTIF motif_7 motif_7

letter-probability matrix: alength= 4 w= 20 nsites= 20 E= 0
  0.398518	  0.048202	  0.208042	  0.345238	
  0.072178	  0.01357	  0.764818	  0.149434	
  0.537046	  0.001582	  0.43315	  0.028222	
  0.162754	  0.085498	  0.63961	  0.112138	
  0.301282	  0.402514	  0.132118	  0.164086	
  0.074842	  0.570346	  0.045538	  0.309274	
  0.401182	  0.501082	  0.070846	  0.02689	
  0.205378	  0.331918	  0.01357	  0.449134	
  0.025558	  0.555694	  0.021562	  0.397186	
  0.377206	  0.156094	  0.125458	  0.341242	
  0.010906	  0.482434	  0.092158	  0.414502	
  0.45979	  0.112138	  0.17341	  0.254662	
  0.038878	  0.70621	  0.041542	  0.21337	
  0.704878	  0.145438	  0.077506	  0.072178	
  0.33991	  0.343906	  0.145438	  0.170746	
  0.371878	  0.054862	  0.114802	  0.458458	
  0.389194	  0.06685	  0.494422	  0.049534	
  0.016234	  0.169414	  0.38653	  0.427822	
  0.138778	  0.234682	  0.545038	  0.081502	
  0.061522	  0.112138	  0.149434	  0.676906	

MOTIF motif_8 motif_8

letter-probability matrix: alength= 4 w= 20 nsites= 20 E= 0
  0.00025	  0.214702	  0.784798	  0.00025	
  0.398518	  0.122794	  0.057526	  0.421162	
  0.078838	  0.236014	  0.345238	  0.33991	
  0.00025	  0.981934	  0.010906	  0.00691	
  0.358558	  0.487762	  0.094822	  0.058858	
  0.738178	  0.004246	  0.12679	  0.130786	
  0.00025	  0.618298	  0.381202	  0.00025	
  0.285298	  0.588994	  0.009574	  0.116134	
  0.310606	  0.317266	  0.104146	  0.267982	
  0.014902	  0.776806	  0.188062	  0.02023	
  0.582334	  0.022894	  0.394522	  0.00025	
  0.00025	  0.648934	  0.335914	  0.014902	
  0.00025	  0.980602	  0.00025	  0.018898	
  0.201382	  0.534382	  0.004246	  0.25999	
  0.261322	  0.00691	  0.387862	  0.343906	
  0.008242	  0.101482	  0.890026	  0.00025	
  0.108142	  0.642274	  0.241342	  0.008242	
  0.012238	  0.44647	  0.025558	  0.515734	
  0.31327	  0.338578	  0.275974	  0.072178	
  0.736846	  0.04021	  0.197386	  0.025558	

MOTIF motif_9 motif_9

letter-probability matrix: alength= 4 w= 20 nsites= 20 E= 0
  0.169414	  0.258658	  0.010906	  0.561022	
  0.082834	  0.291958	  0.267982	  0.357226	
  0.124126	  0.10015	  0.03355	  0.742174	
  0.052198	  0.355894	  0.362554	  0.229354	
  0.251998	  0.188062	  0.041542	  0.518398	
  0.117466	  0.68623	  0.022894	  0.17341	
  0.43981	  0.057526	  0.06019	  0.442474	
  0.234682	  0.090826	  0.442474	  0.232018	
  0.265318	  0.578338	  0.037546	  0.118798	
  0.342574	  0.22003	  0.06019	  0.377206	
  0.16009	  0.307942	  0.152098	  0.37987	
  0.27997	  0.322594	  0.01357	  0.383866	
  0.11347	  0.137446	  0.168082	  0.581002	
  0.152098	  0.221362	  0.072178	  0.554362	
  0.057526	  0.177406	  0.068182	  0.696886	
  0.032218	  0.398518	  0.008242	  0.561022	
  0.029554	  0.349234	  0.06019	  0.561022	
  0.028222	  0.152098	  0.03355	  0.78613	
  0.017566	  0.201382	  0.097486	  0.683566	
  0.068182	  0.30661	  0.057526	  0.567682	

MOTIF motif_10 motif_10

letter-probability matrix: alength= 4 w= 20 nsites= 20 E= 0
  0.115826	  0.00025	  0.348306	  0.535618	
  0.13841	  0.042761	  0.486465	  0.332364	
  0.12911	  0.002907	  0.776069	  0.091914	
  0.002907	  0.455911	  0.119811	  0.421371	
  0.25	  0.098556	  0.599384	  0.05206	
  0.002907	  0.236715	  0.281883	  0.478495	
  0.174278	  0.101213	  0.62064	  0.10387	
  0.006892	  0.102541	  0.757471	  0.133096	
  0.045418	  0.00025	  0.410743	  0.543589	
  0.002907	  0.309781	  0.660493	  0.026819	
  0.110512	  0.13841	  0.668464	  0.082614	
  0.00025	  0.530305	  0.065344	  0.404101	
  0.401444	  0.00025	  0.598056	  0.00025	
  0.025491	  0.518348	  0.224759	  0.231402	
  0.486465	  0.001578	  0.417386	  0.09457	
  0.078629	  0.115826	  0.497093	  0.308452	
  0.040104	  0.012206	  0.550231	  0.397459	
  0.00025	  0.724259	  0.192876	  0.082614	
  0.049403	  0.558202	  0.332364	  0.060031	
  0.002907	  0.418714	  0.065344	  0.513035	

MOTIF motif_11 motif_11

letter-probability matrix: alength= 4 w= 20 nsites= 20 E= 0
  0.15343	  0.004246	  0.842074	  0.00025	
  0.941974	  0.008242	  0.045538	  0.004246	
  0.049534	  0.009574	  0.816766	  0.124126	
  0.72619	  0.022894	  0.225358	  0.025558	
  0.045538	  0.014902	  0.12013	  0.81943	
  0.032218	  0.644938	  0.241342	  0.081502	
  0.438478	  0.032218	  0.529054	  0.00025	
  0.00025	  0.391858	  0.01357	  0.594322	
  0.265318	  0.037546	  0.581002	  0.116134	
  0.037546	  0.80611	  0.050866	  0.105478	
  0.02023	  0.862054	  0.089494	  0.028222	
  0.964618	  0.014902	  0.02023	  0.00025	
  0.00025	  0.691558	  0.00025	  0.307942	
  0.00025	  0.31327	  0.00025	  0.68623	
  0.322594	  0.00025	  0.656926	  0.02023	
  0.00025	  0.831418	  0.00025	  0.168082	
  0.768814	  0.00025	  0.196054	  0.034882	
  0.009574	  0.774142	  0.02689	  0.189394	
  0.001582	  0.06685	  0.085498	  0.84607	
  0.121462	  0.720862	  0.11347	  0.044206	

MOTIF motif_12 motif_12

letter-probability matrix: alength= 4 w= 20 nsites= 20 E= 0
  0.065518	  0.045538	  0.137446	  0.751498	
  0.044206	  0.08683	  0.002914	  0.86605	
  0.044206	  0.058858	  0.037546	  0.85939	
  0.050866	  0.201382	  0.032218	  0.715534	
  0.029554	  0.158758	  0.04021	  0.771478	
  0.114802	  0.136114	  0.052198	  0.696886	
  0.184066	  0.101482	  0.02689	  0.687562	
  0.17341	  0.032218	  0.042874	  0.751498	
  0.042874	  0.072178	  0.10681	  0.778138	
  0.101482	  0.178738	  0.11347	  0.60631	
  0.13345	  0.076174	  0.069514	  0.720862	
  0.132118	  0.128122	  0.198718	  0.541042	
  0.058858	  0.234682	  0.049534	  0.656926	
  0.204046	  0.170746	  0.104146	  0.521062	
  0.034882	  0.078838	  0.038878	  0.847402	
  0.049534	  0.097486	  0.001582	  0.851398	
  0.072178	  0.234682	  0.082834	  0.610306	
  0.327922	  0.278638	  0.092158	  0.301282	
  0.275974	  0.218698	  0.311938	  0.19339	
  0.238678	  0.11347	  0.102814	  0.545038	

MOTIF motif_13 motif_13

letter-probability matrix: alength= 4 w= 20 nsites= 20 E= 0
  0.690226	  0.018898	  0.277306	  0.01357	
  0.911338	  0.021562	  0.02689	  0.04021	
  0.495754	  0.18007	  0.270646	  0.05353	
  0.509074	  0.216034	  0.08683	  0.188062	
  0.25999	  0.38653	  0.277306	  0.076174	
  0.848734	  0.048202	  0.101482	  0.001582	
  0.490426	  0.26665	  0.176074	  0.06685	
  0.342574	  0.330586	  0.041542	  0.285298	
  0.49975	  0.157426	  0.16675	  0.176074	
  0.45313	  0.138778	  0.16009	  0.248002	
  0.458458	  0.249334	  0.18007	  0.112138	
  0.263986	  0.20671	  0.37987	  0.149434	
  0.700882	  0.025558	  0.218698	  0.054862	
  0.090826	  0.20005	  0.574342	  0.134782	
  0.527722	  0.165418	  0.238678	  0.068182	
  0.11347	  0.39985	  0.08683	  0.39985	
  0.418498	  0.22003	  0.085498	  0.275974	
  0.305278	  0.501082	  0.029554	  0.164086	
  0.08683	  0.398518	  0.001582	  0.51307	
  0.383866	  0.10681	  0.098818	  0.410506	

MOTIF motif_14 motif_14

letter-probability matrix: alength= 4 w= 20 nsites= 20 E= 0
  0.156094	  0.261322	  0.581002	  0.001582	
  0.79279	  0.197386	  0.004246	  0.005578	
  0.021562	  0.148102	  0.29995	  0.530386	
  0.002914	  0.81277	  0.13345	  0.050866	
  0.052198	  0.37321	  0.00025	  0.574342	
  0.00025	  0.963286	  0.00025	  0.036214	
  0.631618	  0.00691	  0.354562	  0.00691	
  0.188062	  0.021562	  0.742174	  0.048202	
  0.005578	  0.389194	  0.604978	  0.00025	
  0.362554	  0.029554	  0.001582	  0.60631	
  0.26665	  0.34657	  0.383866	  0.002914	
  0.290626	  0.04687	  0.261322	  0.401182	
  0.05353	  0.584998	  0.00691	  0.354562	
  0.00025	  0.387862	  0.00025	  0.611638	
  0.29995	  0.00025	  0.698218	  0.001582	
  0.454462	  0.323926	  0.21337	  0.008242	
  0.357226	  0.03355	  0.603646	  0.005578	
  0.989926	  0.00025	  0.00691	  0.002914	
  0.068182	  0.831418	  0.032218	  0.068182	
  0.04021	  0.688894	  0.02689	  0.244006	

MOTIF motif_15 motif_15

letter-probability matrix: alength= 4 w= 20 nsites= 20 E= 0
  0.234682	  0.094822	  0.604978	  0.065518	
  0.764818	  0.125458	  0.037546	  0.072178	
  0.06019	  0.623626	  0.224026	  0.092158	
  0.141442	  0.018898	  0.038878	  0.800782	
  0.001582	  0.920662	  0.012238	  0.065518	
  0.112138	  0.302614	  0.037546	  0.547702	
  0.150766	  0.275974	  0.550366	  0.022894	
  0.068182	  0.08017	  0.014902	  0.836746	
  0.072178	  0.754162	  0.076174	  0.097486	
  0.05353	  0.018898	  0.00025	  0.927322	
  0.036214	  0.89935	  0.03355	  0.030886	
  0.71953	  0.074842	  0.074842	  0.130786	
  0.782134	  0.04687	  0.157426	  0.01357	
  0.957958	  0.00691	  0.025558	  0.009574	
  0.855394	  0.008242	  0.128122	  0.008242	
  0.90601	  0.022894	  0.042874	  0.028222	
  0.83275	  0.090826	  0.065518	  0.010906	
  0.770146	  0.064186	  0.074842	  0.090826	
  0.834082	  0.02689	  0.110806	  0.028222	
  0.827422	  0.108142	  0.04021	  0.024226	

MOTIF motif_16 motif_16

letter-probability matrix: alength= 4 w= 20 nsites= 20 E= 0
  0.867382	  0.00691	  0.058858	  0.06685	
  0.318598	  0.061522	  0.016234	  0.603646	
  0.650266	  0.014902	  0.291958	  0.042874	
  0.321262	  0.001582	  0.31327	  0.363886	
  0.222694	  0.002914	  0.756826	  0.017566	
  0.443806	  0.044206	  0.477106	  0.034882	
  0.34657	  0.138778	  0.317266	  0.197386	
  0.31327	  0.202714	  0.148102	  0.335914	
  0.374542	  0.104146	  0.149434	  0.371878	
  0.381202	  0.201382	  0.302614	  0.114802	
  0.402514	  0.234682	  0.15343	  0.209374	
  0.237346	  0.081502	  0.20005	  0.481102	
  0.287962	  0.205378	  0.137446	  0.369214	
  0.108142	  0.563686	  0.064186	  0.263986	
  0.024226	  0.640942	  0.008242	  0.32659	
  0.022894	  0.44647	  0.002914	  0.527722	
  0.061522	  0.662254	  0.00025	  0.275974	
  0.63295	  0.145438	  0.017566	  0.204046	
  0.109474	  0.451798	  0.001582	  0.437146	
  0.630286	  0.064186	  0.082834	  0.222694	

MOTIF motif_17 motif_17

letter-probability matrix: alength= 4 w= 20 nsites= 20 E= 0
  0.024226	  0.016234	  0.427822	  0.531718	
  0.112138	  0.62629	  0.00025	  0.261322	
  0.375874	  0.37987	  0.24001	  0.004246	
  0.00025	  0.608974	  0.001582	  0.389194	
  0.27331	  0.329254	  0.04021	  0.357226	
  0.076174	  0.024226	  0.363886	  0.535714	
  0.00025	  0.358558	  0.401182	  0.24001	
  0.008242	  0.001582	  0.10015	  0.890026	
  0.997918	  0.00025	  0.00025	  0.001582	
  0.00025	  0.445138	  0.554362	  0.00025	
  0.001582	  0.081502	  0.001582	  0.915334	
  0.481102	  0.410506	  0.002914	  0.105478	
  0.161422	  0.318598	  0.51973	  0.00025	
  0.518398	  0.212038	  0.263986	  0.005578	
  0.283966	  0.00025	  0.696886	  0.018898	
  0.668914	  0.00025	  0.330586	  0.00025	
  0.00025	  0.501082	  0.28663	  0.212038	
  0.121462	  0.00025	  0.59299	  0.285298	
  0.371878	  0.371878	  0.204046	  0.052198	
  0.076174	  0.307942	  0.310606	  0.305278	

MOTIF motif_18 motif_18

letter-probability matrix: alength= 4 w= 20 nsites= 20 E= 0
  0.016234	  0.037546	  0.663586	  0.282634	
  0.038878	  0.451798	  0.451798	  0.057526	
  0.018898	  0.244006	  0.54637	  0.190726	
  0.010906	  0.334582	  0.001582	  0.65293	
  0.05353	  0.029554	  0.916666	  0.00025	
  0.97261	  0.017566	  0.00025	  0.009574	
  0.232018	  0.008242	  0.707542	  0.052198	
  0.122794	  0.595654	  0.277306	  0.004246	
  0.001582	  0.75283	  0.00025	  0.245338	
  0.362554	  0.248002	  0.283966	  0.105478	
  0.102814	  0.511738	  0.377206	  0.008242	
  0.001582	  0.214702	  0.442474	  0.341242	
  0.289294	  0.225358	  0.454462	  0.030886	
  0.169414	  0.185398	  0.225358	  0.41983	
  0.03355	  0.39985	  0.49309	  0.07351	
  0.29329	  0.47311	  0.037546	  0.196054	
  0.00025	  0.60631	  0.00025	  0.39319	
  0.06019	  0.755494	  0.057526	  0.12679	
  0.634282	  0.084166	  0.281302	  0.00025	
  0.057526	  0.522394	  0.41983	  0.00025	

MOTIF motif_19 motif_19

letter-probability matrix: alength= 4 w= 20 nsites= 20 E= 0
  0.694222	  0.169414	  0.00025	  0.136114	
  0.10681	  0.355894	  0.01357	  0.523726	
  0.208042	  0.234682	  0.01357	  0.543706	
  0.541042	  0.275974	  0.042874	  0.14011	
  0.038878	  0.607642	  0.001582	  0.351898	
  0.79279	  0.07351	  0.117466	  0.016234	
  0.305278	  0.072178	  0.47311	  0.149434	
  0.32659	  0.290626	  0.363886	  0.018898	
  0.347902	  0.314602	  0.00025	  0.337246	
  0.667582	  0.307942	  0.024226	  0.00025	
  0.278638	  0.110806	  0.004246	  0.60631	
  0.63295	  0.148102	  0.216034	  0.002914	
  0.01357	  0.522394	  0.005578	  0.458458	
  0.521062	  0.037546	  0.397186	  0.044206	
  0.382534	  0.611638	  0.005578	  0.00025	
  0.59299	  0.382534	  0.005578	  0.018898	
  0.97927	  0.017566	  0.00025	  0.002914	
  0.445138	  0.535714	  0.002914	  0.016234	
  0.555694	  0.43315	  0.004246	  0.00691	
  0.747502	  0.00691	  0.012238	  0.23335	

MOTIF motif_20 motif_20

letter-probability matrix: alength= 4 w= 20 nsites= 20 E= 0
  0.25333	  0.002914	  0.674242	  0.069514	
  0.116134	  0.249334	  0.574342	  0.06019	
  0.221362	  0.03355	  0.743506	  0.001582	
  0.094822	  0.700882	  0.00025	  0.204046	
  0.098818	  0.149434	  0.447802	  0.303946	
  0.347902	  0.20671	  0.196054	  0.249334	
  0.01357	  0.56635	  0.402514	  0.017566	
  0.907342	  0.01357	  0.076174	  0.002914	
  0.009574	  0.098818	  0.880702	  0.010906	
  0.321262	  0.537046	  0.038878	  0.102814	
  0.002914	  0.695554	  0.291958	  0.009574	
  0.24001	  0.208042	  0.017566	  0.534382	
  0.010906	  0.367882	  0.582334	  0.038878	
  0.294622	  0.14677	  0.349234	  0.209374	
  0.028222	  0.10681	  0.864718	  0.00025	
  0.295954	  0.311938	  0.04687	  0.345238	
  0.00691	  0.57967	  0.41317	  0.00025	
  0.176074	  0.298618	  0.008242	  0.517066	
  0.002914	  0.888694	  0.101482	  0.00691	
  0.230686	  0.397186	  0.005578	  0.36655	

MOTIF motif_21 motif_21

letter-probability matrix: alength= 4 w= 20 nsites= 20 E= 0
  0.343906	  0.094822	  0.354562	  0.20671	
  0.04021	  0.07351	  0.67957	  0.20671	
  0.008242	  0.27331	  0.041542	  0.676906	
  0.092158	  0.83275	  0.056194	  0.018898	
  0.12679	  0.457126	  0.030886	  0.385198	
  0.04687	  0.395854	  0.12013	  0.437146	
  0.172078	  0.098818	  0.038878	  0.690226	
  0.197386	  0.01357	  0.668914	  0.12013	
  0.624958	  0.117466	  0.185398	  0.072178	
  0.14677	  0.109474	  0.518398	  0.225358	
  0.22003	  0.134782	  0.38653	  0.258658	
  0.482434	  0.050866	  0.271978	  0.194722	
  0.048202	  0.054862	  0.40651	  0.490426	
  0.124126	  0.561022	  0.10681	  0.208042	
  0.45313	  0.282634	  0.06019	  0.204046	
  0.321262	  0.24001	  0.070846	  0.367882	
  0.068182	  0.307942	  0.244006	  0.37987	
  0.16675	  0.116134	  0.310606	  0.40651	
  0.311938	  0.314602	  0.229354	  0.144106	
  0.08017	  0.463786	  0.077506	  0.378538	

MOTIF motif_22 motif_22

letter-probability matrix: alength= 4 w= 20 nsites= 20 E= 0
  0.51973	  0.138778	  0.01357	  0.327922	
  0.081502	  0.61963	  0.012238	  0.28663	
  0.12013	  0.016234	  0.018898	  0.844738	
  0.728854	  0.117466	  0.012238	  0.141442	
  0.795454	  0.050866	  0.005578	  0.148102	
  0.85273	  0.021562	  0.001582	  0.124126	
  0.908674	  0.002914	  0.00025	  0.088162	
  0.93931	  0.00025	  0.002914	  0.057526	
  0.461122	  0.030886	  0.002914	  0.505078	
  0.75949	  0.00691	  0.004246	  0.229354	
  0.37321	  0.24001	  0.030886	  0.355894	
  0.95263	  0.00025	  0.00025	  0.04687	
  0.969946	  0.004246	  0.016234	  0.009574	
  0.949966	  0.001582	  0.018898	  0.029554	
  0.921994	  0.00025	  0.00691	  0.070846	
  0.928654	  0.00025	  0.014902	  0.056194	
  0.437146	  0.00025	  0.037546	  0.525058	
  0.361222	  0.00691	  0.008242	  0.623626	
  0.743506	  0.016234	  0.062854	  0.177406	
  0.487762	  0.022894	  0.367882	  0.121462	

MOTIF motif_23 motif_23

letter-probability matrix: alength= 4 w= 20 nsites= 20 E= 0
  0.57301	  0.078838	  0.072178	  0.275974	
  0.42649	  0.050866	  0.417166	  0.105478	
  0.05353	  0.10015	  0.01357	  0.83275	
  0.089494	  0.078838	  0.16009	  0.671578	
  0.337246	  0.030886	  0.114802	  0.517066	
  0.27331	  0.347902	  0.014902	  0.363886	
  0.38653	  0.277306	  0.329254	  0.00691	
  0.277306	  0.418498	  0.058858	  0.245338	
  0.121462	  0.13345	  0.274642	  0.470446	
  0.045538	  0.16009	  0.069514	  0.724858	
  0.263986	  0.162754	  0.277306	  0.295954	
  0.545038	  0.044206	  0.11347	  0.297286	
  0.297286	  0.04021	  0.469114	  0.19339	
  0.882034	  0.024226	  0.074842	  0.018898	
  0.575674	  0.050866	  0.234682	  0.138778	
  0.596986	  0.04687	  0.090826	  0.265318	
  0.385198	  0.057526	  0.225358	  0.331918	
  0.742174	  0.077506	  0.118798	  0.061522	
  0.214702	  0.07351	  0.028222	  0.683566	
  0.281302	  0.18673	  0.257326	  0.274642	

MOTIF motif_24 motif_24

letter-probability matrix: alength= 4 w= 20 nsites= 20 E= 0
  0.10681	  0.221362	  0.004246	  0.667582	
  0.045538	  0.13345	  0.014902	  0.80611	
  0.422494	  0.022894	  0.174742	  0.37987	
  0.018898	  0.615634	  0.178738	  0.18673	
  0.06019	  0.15343	  0.00025	  0.78613	
  0.318598	  0.224026	  0.048202	  0.409174	
  0.287962	  0.00025	  0.691558	  0.02023	
  0.623626	  0.00025	  0.338578	  0.037546	
  0.134782	  0.024226	  0.790126	  0.050866	
  0.521062	  0.236014	  0.004246	  0.238678	
  0.028222	  0.065518	  0.117466	  0.788794	
  0.141442	  0.210706	  0.623626	  0.024226	
  0.178738	  0.188062	  0.611638	  0.021562	
  0.31993	  0.058858	  0.31327	  0.307942	
  0.005578	  0.06685	  0.887362	  0.04021	
  0.34657	  0.02689	  0.108142	  0.518398	
  0.036214	  0.192058	  0.470446	  0.301282	
  0.082834	  0.002914	  0.375874	  0.538378	
  0.02689	  0.443806	  0.00025	  0.529054	
  0.523726	  0.042874	  0.204046	  0.229354	
